0.0
-0.01
-0.02
-0.02
-0.02
0.05
0.05
0.07
0.06
0.05
0.04
0.04
0.03
0.03
0.02
0.02
0.01
0.01
7.45058e-09
7.45058e-09
7.45058e-09
7.45058e-09
7.45058e-09
7.45058e-09
7.45058e-09
-0.00999999
-0.02
-0.02
-0.03
-0.04
-0.05
-0.06
-0.06
-0.07
-0.08
-0.08
-0.09
-0.09
-0.09
-0.09
-0.1
-0.11
-0.11
-0.12
-0.13
-0.13
-0.14
-0.14
-0.15
-0.15
-0.16
-0.16
-0.06
-0.06
-0.07
-0.07
-0.07
-0.08
-0.09
-0.1
-0.11
-0.11
-0.11
-0.12
-0.12
-0.13
-0.14
-0.15
-0.16
-0.17
-0.17
-0.18
-0.18
-0.18
-0.18
-0.19
-0.2
-0.21
-0.22
-0.22
-0.22
-0.22
-0.23
-0.23
-0.22
-0.12
-0.13
-0.14
-0.14
-0.14
-0.15
-0.15
-0.05
-0.05
-0.05
-0.06
-0.06
-0.06
0.04
0.04
0.03
0.03
0.03
0.02
0.02
0.01
2.98023e-08
-0.00999997
-0.02
-0.02
-0.03
-0.03
-0.04
-0.05
-0.06
-0.06
0.04
0.03
0.03
0.03
0.02
0.01
0.11
0.11
0.11
0.11
0.11
0.11
0.11
0.11
0.11
0.1
0.1
0.1
0.1
0.1
0.09
0.08
0.07
0.06
0.05
0.05
0.0400001
0.0300001
0.0300001
0.0300001
0.0300001
0.0300001
0.0200001
0.0200001
0.0100001
0.0100001
0.0100001
0.0100001
0.0100001
5.21541e-08
-0.00999995
-0.0199999
-0.0199999
-0.0199999
-0.0299999
-0.0399999
-0.0399999
-0.0499999
-0.0499999
-0.0599999
-0.0699999
-0.0799999
-0.0799999
-0.0899999
-0.0999999
-0.11
-0.11
-0.11
-0.11
-0.11
-0.11
-0.12
-0.12
-0.13
-0.14
-0.15
-0.15
-0.16
-0.17
-0.17
-0.18
-0.08
-0.09
-0.09
-0.1
4.47035e-08
-0.00999996
-0.00999996
-0.02
-0.02
-0.03
-0.03
-0.03
-0.03
-0.04
-0.05
-0.05
-0.06
-0.06
-0.06
-0.06
-0.0699999
-0.0699999
-0.0699999
-0.0799999
-0.0899999
-0.0999999
-0.0999999
-0.11
-0.11
-0.12
-0.12
-0.13
-0.13
-0.13
-0.13
-0.13
-0.13
-0.14
-0.15
-0.16
-0.16
-0.17
-0.18
-0.18
-0.18
-0.18
-0.18
-0.19
-0.19
-0.2
-0.21
-0.21
-0.21
-0.21
-0.21
-0.22
-0.23
-0.23
-0.24
-0.24
-0.24
-0.25
-0.25
-0.26
-0.27
-0.27
-0.27
-0.28
-0.28
-0.29
-0.3
-0.31
-0.21
-0.22
-0.23
-0.24
-0.24
-0.24
-0.24
-0.25
-0.26
-0.26
-0.27
-0.27
-0.27
-0.28
-0.28
-0.18
-0.19
-0.2
-0.1
-0.11
-0.12
-0.12
-0.12
-0.12
-0.13
-0.0299999
0.0700001
0.0700001
0.0700001
0.17
0.17
0.16
0.16
0.15
0.15
0.25
0.25
0.34
0.34
0.43
0.52
0.62
0.72
0.71
0.71
0.71
0.71
0.71
0.71
0.71
0.71
0.7
0.7
0.7
0.69
0.79
0.79
0.78
0.78
0.78
0.77
0.77
0.77
0.77
0.77
0.76
0.76
0.76
0.75
0.85
0.84
0.94
0.94
0.94
0.94
0.94
0.93
1.03
1.13
1.13
1.13
1.13
1.13
1.23
1.23
1.23
1.22
1.22
1.32
1.42
1.42
1.52
1.52
1.52
1.62
1.72
1.72
